60
BLACK_FUR FLOPPY_EARS VISIBLE_TONGUE
000001.png  1  0  1
000002.png  0  1  1
000003.png  0  1  0
000004.png  0  1  0
000005.png  0  1  0
000006.png  0  1  1
000007.png  0  1  1
000008.png  1  1  0
000009.png  1  1  0
000010.png  1  1  0
000011.png  0  1  1
000012.png  1  1  0
000013.png  1  0  0-
000014.png  0  1  1
000015.png  0  0  1
000016.png  1  0  1
000017.png  1  0  0
000018.png  1  0  0
000019.png  0  1  0
000020.png  1  0  0
000021.png  0  1  0
000022.png  0  1  0
000023.png  1  1  0
000024.png  1  0  0
000025.png  1  0  0
000026.png  0  0  0
000027.png  1  1  1
000028.png  1  1  1
000029.png  1  1  0
000030.png  1  0  0
000031.png  1  1  0
000032.png  1  1  0
000033.png  1  1  0
000034.png  1  0  1
000035.png  1  1  1
000036.png  1  1  0
000037.png  1  0  0
000038.png  1  0  0
000039.png  1  0  1
000040.png  1  1  0
000041.png  1  1  1
000042.png  1  1  1
000043.png  0  1  1
000044.png  0  1  0
000045.png  0  0  1
000046.png  0  1  0
000047.png  0  0  0
000048.png  1  1  1
000049.png  0  1  0
000050.png  0  1  1
000051.png  0  1  0
000052.png  0  0  1
000053.png  0  1  1
000054.png  0  1  0
000055.png  0  1  1
000056.png  0  1  0
000057.png  0  1  0
000058.png  0  1  0
000059.png  0  1  0
000060.png  0  1  1